# Dt = 363 ms
22.50
22.50
22.50
22.50
22.50
22.50
22.50
22.50
22.50
22.50
22.50
22.50
22.50
22.50
22.50
22.50
22.50
22.50
22.50
22.50
22.50
23.25
25.00
27.75
30.25
33.00
35.50
37.75
40.00
42.00
44.00
45.75
47.75
49.25
51.00
52.50
54.00
55.25
56.75
58.00
59.25
60.50
61.50
62.75
63.75
64.75
65.75
66.75
67.75
68.75
69.50
70.50
71.25
72.00
73.00
73.75
74.25
75.00
75.75
76.50
77.00
77.75
78.25
78.75
79.50
80.00
80.50
81.00
81.50
82.00
82.50
82.75
83.25
83.75
84.25
84.50
85.00
85.25
85.75
86.00
86.50
86.75
87.00
87.25
87.75
88.00
88.25
88.50
88.75
89.00
89.25
89.75
90.00
90.25
90.50
90.50
90.75
91.00
91.25
91.50
91.75
92.00
92.00
92.25
92.50
92.75
92.75
93.00
93.00
93.25
93.50
93.50
93.75
93.75
94.00
94.00
94.25
94.25
94.50
94.50
94.75
94.75
95.00
95.00
95.00
95.25
95.25
95.50
95.50
95.50
95.75
95.75
95.75
96.00
96.00
96.00
96.25
96.25
96.25
96.25
96.50
96.50
96.50
96.50
96.75
96.75
96.75
96.75
96.75
97.00
97.00
97.00
97.00
97.00
97.25
97.25
97.25
97.25
97.25
97.25
97.25
97.25
97.50
97.50
97.50
97.50
97.50
97.50
97.50
97.50
97.50
97.75
97.75
97.75
97.75
97.75
97.75
97.75
97.75
97.75
97.75
97.75
97.75
97.75
97.75
97.75
97.75
97.75
98.00
97.75
98.00
98.00
98.00
98.00
98.00
98.00
98.00
98.00
98.00
98.00
98.00
98.00
98.00
98.00
98.00
98.00
98.00
98.00
98.00
98.00
98.00
98.00
98.00
98.00
98.00
98.00
98.00
98.00
98.00
98.00
98.00
98.00
98.00
98.00
98.00
98.00
98.00
98.00
98.00
98.00
98.00
98.00
98.00
98.00
98.00
98.00
98.00
98.00
98.00
98.00
98.00
98.00
98.00
98.00
98.00
98.00
98.00
98.00
98.00
98.00
98.00
98.00
98.00
98.00
98.00
98.00
98.00
98.00
98.00
98.00
98.00
98.00
98.00
98.00
98.00
98.00
98.00
98.00
98.00
98.00
98.00
98.00
98.00
98.00
98.00
98.00
98.00
97.75
98.00
98.00
98.00
98.00
98.00
97.75
98.00
98.00
97.75
97.75
97.75
97.75
97.75
97.75
97.75
97.75
97.75
97.75
97.75
97.75
97.75
97.75
97.75
97.75
97.75
97.75
97.75
97.75
97.75
97.75
97.75
97.75
